20 11
17 19
6 11
13 24
14 31
16 31
14 26
3 37
9 39
5 35
6 19
3 24
14 19
14 37
5 38
14 23
1 34
7 15
3 26
19 33
5 12
9 13
10 12
3 14
20 11
11 27
8 19
1 10
18 23
3 15
17 28
11 30
5 34
18 39
4 25
11 10
15 40
18 17
6 15
17 17
17 16
10 19
14 24
5 22
13 30
5 24
10 19
3 12
10 34
3 10
18 33
11 18
1 26
4 32
9 35
7 17
14 16
7 18
5 38
8 35
16 37
10 38
19 19
1 16
3 15
4 31
13 32
1 37
12 18
18 11
12 25
16 31
3 32
12 38
5 12
1 35
20 31
18 40
17 28
17 10
20 10
8 32
16 20
10 35
7 34
15 31
4 35
9 10
3 15
1 35
20 29
9 21
7 30
5 15
10 28
19 12
5 25
10 30
19 25
3 27
