0.1325 0.5475
0.1425 0.5225
0.1575 0.4925
0.1625 0.46
0.1675 0.43
0.1675 0.4025
0.1675 0.3625
0.165 0.32
0.1575 0.28
0.145 0.2425
0.14 0.2125
0.1325 0.2025
0.17 0.295
0.18 0.31
0.1925 0.3375
0.2075 0.3625
0.2225 0.3925
0.235 0.4175
0.25 0.45
0.26 0.48
0.27 0.5075
0.26 0.535
0.25 0.5725
0.235 0.6075
0.2225 0.645
0.2225 0.6725
0.28 0.53
0.28 0.5525
0.285 0.5775
0.2925 0.6125
0.2925 0.6425
0.2925 0.675
0.1675 0.1875
0.2075 0.1725
0.2575 0.1625
0.3 0.155
0.355 0.145
0.415 0.14
0.485 0.135
0.55 0.135
0.6225 0.1325
0.685 0.14
0.74 0.1525
0.785 0.1825
0.835 0.2125
0.8675 0.25
0.89 0.2675
0.85 0.2275
0.9125 0.255
0.9225 0.225
0.93 0.1825
0.925 0.1475
0.9175 0.11
0.905 0.0675
0.87 0.2325
0.865 0.215
0.865 0.1925
0.8575 0.17
0.8625 0.2725
0.825 0.2775
0.7925 0.29
0.7575 0.3025
0.7225 0.315
0.6825 0.33
0.645 0.3625
0.6175 0.3925
0.5975 0.4175
0.58 0.4175
0.585 0.4375
0.615 0.44
0.6225 0.4725
0.6275 0.4975
0.635 0.525
0.6475 0.6
0.6425 0.5575
0.6475 0.6375
0.65 0.68
0.5275 0.6775
0.5275 0.6475
0.5375 0.6175
0.54 0.5825
0.5475 0.55
0.5575 0.515
0.5675 0.485
0.575 0.4625
0.2825 0.49
0.295 0.4725
0.3275 0.43
0.355 0.405
0.39 0.4025
0.4325 0.405
0.4675 0.41
0.505 0.4125
0.5475 0.4125
0.2575 0.55
0.165 0.335
0.1675 0.3475
0.165 0.38
0.1625 0.3025
0.5975 0.43
0.855 0.2425
0.8125 0.2
