0.0679738562091503 0.0418300653594771
0.0509803921568627 0.0823529411764706
0.0339869281045752 0.235294117647059
0.069281045751634 0.232679738562092
0.155555555555556 0.14640522875817
0.233986928104575 0.0901960784313725
0.176470588235294 0.388235294117647
0.21437908496732 0.226143790849673
0.301960784313725 0.359477124183007
0.452287581699346 0.49281045751634
0.328104575163399 0.271895424836601
0.335947712418301 0.235294117647059
0.422222222222222 0.167320261437908
0.41437908496732 0.109803921568627
0.539869281045752 0.152941176470588
0.47843137254902 0.248366013071895
0.494117647058824 0.287581699346405
0.461437908496732 0.372549019607843
0.556862745098039 0.392156862745098
0.563398692810458 0.301960784313725
0.597385620915033 0.271895424836601
0.530718954248366 0.233986928104575
0.598692810457516 0.194771241830065
0.683660130718954 0.196078431372549
0.584313725490196 0.487581699346405
0.6 0.444444444444444
0.675816993464052 0.437908496732026
0.722875816993464 0.479738562091503
0.709803921568627 0.4
0.657516339869281 0.354248366013072
0.665359477124183 0.269281045751634
0.684967320261438 0.303267973856209
0.745098039215686 0.288888888888889
0.823529411764706 0.299346405228758
0.805228758169935 0.338562091503268
0.77516339869281 0.386928104575163
0.717647058823529 0.25359477124183
0.823529411764706 0.235294117647059
0.836601307189543 0.261437908496732
0.852287581699346 0.256209150326797
0.862745098039216 0.227450980392157
0.884967320261438 0.188235294117647
0.861437908496732 0.168627450980392
0.874509803921569 0.124183006535948
0.896732026143791 0.14640522875817
0.911111111111111 0.16078431372549
0.909803921568627 0.181699346405229
0.922875816993464 0.111111111111111